5 0.971857 0.294408 0.056287 0.108553
5 0.918311 0.298109 0.056652 0.114309
5 0.857822 0.296464 0.053363 0.121436
5 0.802997 0.294271 0.067982 0.119792
5 0.738121 0.293174 0.058845 0.119792
5 0.672880 0.291941 0.051170 0.112939
5 0.612756 0.299890 0.071272 0.121711
5 0.543311 0.294819 0.072734 0.123081
5 0.468933 0.299205 0.078216 0.127467
5 0.392544 0.295504 0.078947 0.141447
5 0.310855 0.295916 0.078582 0.140625
5 0.219481 0.296464 0.078582 0.140625
5 0.133224 0.289337 0.103436 0.127467
5 0.035453 0.291255 0.070175 0.125822
