5 0.242873 0.466557 0.087354 0.132127
5 0.323282 0.465735 0.080775 0.129386
5 0.400037 0.464501 0.071272 0.130208
5 0.479532 0.467379 0.074561 0.122807
5 0.554642 0.465872 0.066155 0.115954
5 0.621162 0.465186 0.061038 0.109649
5 0.684759 0.464912 0.066155 0.100877
5 0.753655 0.464638 0.059211 0.098684
5 0.813779 0.462171 0.058114 0.104715
5 0.870431 0.463816 0.055921 0.103618
5 0.929276 0.464775 0.051535 0.105537
5 0.977339 0.467242 0.042398 0.111568
5 0.145651 0.454633 0.089547 0.134046
5 0.050621 0.456552 0.089547 0.134046
