1 0.513706 0.401590 0.050073 0.093202
1 0.565789 0.399397 0.037281 0.094298
1 0.618238 0.398712 0.039839 0.079770
1 0.662646 0.395833 0.036550 0.081689
1 0.701754 0.392955 0.036550 0.072094
1 0.740680 0.386239 0.038377 0.070724
1 0.774488 0.385280 0.027778 0.061678
1 0.806469 0.382264 0.023757 0.064967
2 0.515899 0.403783 0.062500 0.097588
2 0.568713 0.398849 0.038012 0.088268
2 0.616594 0.397615 0.043129 0.089090
2 0.657895 0.394052 0.043129 0.089090
2 0.700658 0.389529 0.037281 0.088268
2 0.735928 0.387198 0.033991 0.077577
2 0.772844 0.385417 0.033991 0.070175
2 0.804642 0.378427 0.027412 0.068257
