2 0.351974 0.084841 0.160819 0.160362
2 0.491594 0.077166 0.085526 0.153783
2 0.596126 0.078125 0.090643 0.151316
2 0.703582 0.078673 0.095029 0.148026
2 0.781433 0.075932 0.080409 0.146930
2 0.852887 0.074287 0.065424 0.134868
2 0.920322 0.072094 0.057018 0.121711
2 0.980811 0.066064 0.038377 0.122259
2 0.086257 0.321272 0.137427 0.177632
2 0.224415 0.325110 0.137427 0.177632
2 0.359649 0.326754 0.137427 0.177632
2 0.500731 0.329496 0.137427 0.177632
2 0.638889 0.334430 0.137427 0.177632
2 0.775585 0.336075 0.137427 0.177632
2 0.923611 0.336075 0.137427 0.177632
