5 0.952485 0.424342 0.089181 0.138158
5 0.872807 0.430921 0.084795 0.125000
5 0.786550 0.436404 0.084795 0.129386
5 0.700292 0.431469 0.070175 0.130482
5 0.631579 0.432566 0.058480 0.117325
5 0.562135 0.442434 0.057018 0.117325
5 0.500000 0.437500 0.058480 0.118421
5 0.432749 0.434759 0.058480 0.104167
5 0.376462 0.444079 0.057018 0.107456
5 0.319444 0.444079 0.048246 0.105263
5 0.263158 0.441338 0.040936 0.097588
5 0.212719 0.444079 0.054094 0.100877
5 0.164474 0.451754 0.039474 0.092105
5 0.117690 0.440789 0.042398 0.076754
