5 0.088450 0.309485 0.065789 0.084430
5 0.153143 0.308662 0.051901 0.084978
5 0.217288 0.313459 0.055190 0.097314
5 0.281615 0.314282 0.055190 0.097314
5 0.342654 0.314830 0.055190 0.097314
5 0.407712 0.315927 0.055190 0.097314
5 0.472039 0.315378 0.055190 0.097314
5 0.535270 0.314830 0.055190 0.097314
5 0.595577 0.316749 0.055190 0.097314
5 0.662463 0.318668 0.055190 0.097314
5 0.732273 0.318120 0.055190 0.097314
5 0.792580 0.319490 0.055190 0.097314
5 0.864949 0.319490 0.055190 0.097314
5 0.922697 0.317845 0.055190 0.097314
