5 0.085526 0.303180 0.068713 0.088816
5 0.158626 0.305921 0.059942 0.087719
5 0.222222 0.315241 0.061404 0.106360
5 0.279971 0.314145 0.068713 0.097588
5 0.346491 0.319079 0.064327 0.107456
5 0.410088 0.314693 0.071637 0.098684
5 0.470029 0.310855 0.059942 0.093202
5 0.546053 0.319079 0.068713 0.109649
5 0.598684 0.317434 0.062865 0.093202
5 0.665936 0.315241 0.065789 0.108553
5 0.735380 0.319079 0.067251 0.100877
5 0.797515 0.322917 0.068713 0.104167
5 0.866959 0.323465 0.055556 0.107456
5 0.920322 0.320724 0.071637 0.104167
