5 0.217836 0.332511 0.050439 0.097588
5 0.176901 0.334978 0.052632 0.093202
5 0.263706 0.331552 0.057383 0.095669
5 0.314876 0.331140 0.054459 0.097588
5 0.366776 0.328125 0.057383 0.102522
5 0.423428 0.327303 0.060307 0.106908
5 0.484832 0.326343 0.061038 0.104989
5 0.552814 0.324836 0.071272 0.107456
5 0.622442 0.326891 0.070175 0.114857
5 0.691155 0.325110 0.076754 0.120614
5 0.768640 0.323876 0.074561 0.121436
5 0.851791 0.322094 0.083699 0.132675
5 0.941155 0.320724 0.070906 0.125548
5 0.120614 0.330455 0.046784 0.074287
