5 0.955044 0.427906 0.089912 0.126645
5 0.869700 0.426809 0.078582 0.120066
5 0.790753 0.427632 0.078582 0.120066
5 0.703034 0.430099 0.078582 0.120066
5 0.633772 0.433799 0.074561 0.111568
5 0.564327 0.435855 0.065789 0.103618
5 0.497076 0.435855 0.065789 0.103618
5 0.432383 0.439830 0.055556 0.094572
5 0.375000 0.439282 0.055556 0.094572
5 0.315789 0.438734 0.055556 0.094572
5 0.265716 0.442845 0.055556 0.094572
5 0.215095 0.443120 0.044956 0.098958
5 0.169773 0.445038 0.044956 0.098958
5 0.124635 0.442708 0.043860 0.081689
5 0.079313 0.441612 0.043860 0.081689
