5 0.968125 0.361875 0.058750 0.088750
5 0.875625 0.362500 0.058750 0.087500
5 0.793750 0.366875 0.052500 0.078750
5 0.706250 0.367500 0.050000 0.077500
5 0.633125 0.367500 0.051250 0.077500
5 0.562500 0.366875 0.045000 0.066250
5 0.501250 0.366875 0.042500 0.073750
5 0.435000 0.367500 0.050000 0.077500
5 0.383125 0.368125 0.056250 0.068750
5 0.327500 0.369375 0.042500 0.063750
5 0.273750 0.373750 0.035000 0.065000
5 0.231250 0.371875 0.047500 0.063750
5 0.188125 0.373125 0.033750 0.061250
5 0.145625 0.369375 0.031250 0.051250
5 0.105000 0.370000 0.035000 0.047500
