5 0.920625 0.344375 0.063750 0.083750
5 0.838125 0.345625 0.046250 0.073750
5 0.770625 0.342500 0.058750 0.077500
5 0.694375 0.346875 0.043750 0.068750
5 0.633125 0.348750 0.046250 0.072500
5 0.576250 0.348750 0.045000 0.072500
5 0.517500 0.346250 0.037500 0.067500
5 0.466875 0.348125 0.041250 0.061250
5 0.420625 0.349375 0.046250 0.061250
5 0.375000 0.350625 0.037500 0.058750
5 0.330000 0.350625 0.030000 0.058750
5 0.289375 0.351250 0.041250 0.055000
5 0.253125 0.351250 0.026250 0.052500
5 0.220000 0.348125 0.027500 0.043750
5 0.185625 0.347500 0.031250 0.042500
