5 0.290000 0.186250 0.117500 0.050000
5 0.295000 0.249375 0.102500 0.031250
5 0.294375 0.299375 0.098750 0.036250
5 0.297500 0.356875 0.100000 0.033750
5 0.294375 0.403125 0.091250 0.036250
5 0.298750 0.449375 0.092500 0.028750
5 0.296875 0.485000 0.086250 0.035000
5 0.298750 0.526875 0.087500 0.028750
5 0.298750 0.560625 0.077500 0.031250
5 0.300000 0.599375 0.077500 0.031250
5 0.301875 0.630000 0.076250 0.025000
5 0.301250 0.656250 0.080000 0.027500
5 0.302500 0.681250 0.080000 0.022500
5 0.298750 0.711875 0.057500 0.021250
5 0.296250 0.735625 0.065000 0.021250
