5 0.878125 0.353750 0.073750 0.085000
5 0.790000 0.355625 0.042500 0.081250
5 0.728750 0.356875 0.055000 0.078750
5 0.654375 0.358750 0.051250 0.067500
5 0.588750 0.358125 0.050000 0.073750
5 0.531250 0.360000 0.040000 0.067500
5 0.476875 0.358125 0.036250 0.068750
5 0.422500 0.358125 0.047500 0.063750
5 0.377500 0.358125 0.037500 0.058750
5 0.330625 0.360000 0.036250 0.057500
5 0.286875 0.362500 0.036250 0.057500
5 0.248125 0.361250 0.038750 0.055000
5 0.211875 0.362500 0.031250 0.050000
5 0.178125 0.358125 0.031250 0.048750
5 0.140625 0.360000 0.031250 0.037500
