5 0.133125 0.525000 0.071250 0.060000
5 0.203750 0.508750 0.070000 0.050000
5 0.275625 0.490000 0.061250 0.060000
5 0.351875 0.470625 0.058750 0.068750
5 0.414375 0.453750 0.053750 0.062500
5 0.479375 0.432500 0.063750 0.065000
5 0.544375 0.416875 0.058750 0.063750
5 0.598125 0.396250 0.058750 0.057500
5 0.655625 0.383750 0.058750 0.057500
5 0.715625 0.363750 0.063750 0.065000
5 0.776875 0.348125 0.058750 0.061250
5 0.825625 0.335625 0.051250 0.058750
5 0.885625 0.315000 0.051250 0.062500
5 0.937500 0.304375 0.040000 0.073750
