5 0.170625 0.483125 0.066250 0.061250
5 0.240625 0.464375 0.073750 0.056250
5 0.314375 0.449375 0.058750 0.061250
5 0.385625 0.431875 0.071250 0.063750
5 0.450000 0.413125 0.065000 0.061250
5 0.515000 0.393750 0.062500 0.062500
5 0.582500 0.371250 0.052500 0.062500
5 0.638750 0.356875 0.047500 0.058750
5 0.689375 0.341250 0.053750 0.067500
5 0.754375 0.323750 0.056250 0.062500
5 0.810625 0.305000 0.051250 0.062500
5 0.865000 0.294375 0.057500 0.061250
5 0.923750 0.273750 0.042500 0.057500
5 0.971875 0.266250 0.036250 0.067500
