5 0.056250 0.483125 0.075000 0.083750
5 0.150000 0.483750 0.067500 0.082500
5 0.237500 0.486875 0.062500 0.086250
5 0.331250 0.485625 0.055000 0.088750
5 0.404375 0.484375 0.061250 0.083750
5 0.484375 0.481250 0.056250 0.082500
5 0.561250 0.479375 0.047500 0.086250
5 0.621875 0.481875 0.058750 0.076250
5 0.688125 0.479375 0.051250 0.076250
5 0.753750 0.482500 0.052500 0.077500
5 0.815000 0.480625 0.045000 0.073750
5 0.869375 0.478125 0.048750 0.068750
5 0.931875 0.476875 0.043750 0.071250
5 0.975625 0.478750 0.036250 0.072500
