5 0.470625 0.141250 0.093750 0.030000
5 0.475000 0.173750 0.095000 0.030000
5 0.474375 0.221875 0.096250 0.033750
5 0.474375 0.263125 0.093750 0.036250
5 0.472500 0.309375 0.092500 0.041250
5 0.472500 0.360625 0.097500 0.038750
5 0.475000 0.405625 0.097500 0.038750
5 0.478125 0.450625 0.101250 0.036250
5 0.480000 0.507500 0.105000 0.047500
5 0.482500 0.568125 0.107500 0.046250
5 0.482500 0.628750 0.110000 0.045000
5 0.483125 0.694375 0.113750 0.056250
5 0.481875 0.763750 0.103750 0.052500
5 0.481875 0.831875 0.106250 0.066250
