5 0.114375 0.495625 0.073750 0.083750
5 0.197500 0.503125 0.057500 0.086250
5 0.027500 0.501875 0.052500 0.078750
5 0.290625 0.502500 0.051250 0.087500
5 0.362500 0.500000 0.055000 0.082500
5 0.447500 0.498750 0.052500 0.080000
5 0.520625 0.498125 0.056250 0.081250
5 0.585625 0.494375 0.048750 0.076250
5 0.645625 0.494375 0.048750 0.076250
5 0.713750 0.495000 0.045000 0.072500
5 0.775000 0.495000 0.045000 0.072500
5 0.828125 0.493750 0.046250 0.070000
5 0.893125 0.495000 0.046250 0.072500
5 0.938125 0.493125 0.036250 0.068750
