5 0.983125 0.336250 0.033750 0.065000
5 0.918125 0.334375 0.046250 0.066250
5 0.866250 0.332500 0.047500 0.067500
5 0.791875 0.330625 0.048750 0.066250
5 0.728750 0.333125 0.045000 0.061250
5 0.665625 0.331250 0.043750 0.065000
5 0.596875 0.329375 0.046250 0.066250
5 0.536875 0.331250 0.048750 0.067500
5 0.479375 0.329375 0.048750 0.066250
5 0.411250 0.330625 0.042500 0.068750
5 0.343750 0.329375 0.045000 0.066250
5 0.283750 0.328125 0.052500 0.068750
5 0.212500 0.328750 0.045000 0.065000
5 0.150625 0.323125 0.051250 0.056250
5 0.084375 0.321250 0.051250 0.057500
