5 0.287500 0.180625 0.122500 0.046250
5 0.291250 0.237500 0.117500 0.052500
5 0.292500 0.307500 0.110000 0.050000
5 0.289375 0.362500 0.111250 0.045000
5 0.291250 0.418750 0.100000 0.037500
5 0.293750 0.471250 0.095000 0.032500
5 0.293125 0.518750 0.091250 0.040000
5 0.292500 0.558750 0.092500 0.037500
5 0.295000 0.603125 0.090000 0.038750
5 0.295625 0.644375 0.086250 0.031250
5 0.298125 0.677500 0.086250 0.035000
5 0.297500 0.716875 0.082500 0.028750
5 0.296875 0.751250 0.068750 0.027500
5 0.293125 0.785000 0.068750 0.022500
