5 0.293750 0.548750 0.075000 0.055000
5 0.356875 0.526250 0.066250 0.047500
5 0.423125 0.506250 0.078750 0.050000
5 0.484375 0.481250 0.061250 0.057500
5 0.537500 0.462500 0.067500 0.055000
5 0.595000 0.439375 0.055000 0.053750
5 0.646875 0.418750 0.056250 0.055000
5 0.690625 0.397500 0.051250 0.047500
5 0.734375 0.381875 0.056250 0.048750
5 0.783750 0.363750 0.050000 0.050000
5 0.829375 0.347500 0.056250 0.047500
5 0.868125 0.331875 0.056250 0.048750
5 0.915625 0.311250 0.048750 0.050000
5 0.952500 0.302500 0.042500 0.047500
