5 0.563125 0.650000 0.091250 0.045000
5 0.534375 0.599375 0.086250 0.038750
5 0.503750 0.553750 0.080000 0.040000
5 0.473125 0.506875 0.083750 0.038750
5 0.448125 0.470625 0.071250 0.041250
5 0.417500 0.428125 0.077500 0.038750
5 0.391875 0.388125 0.076250 0.043750
5 0.367500 0.355000 0.075000 0.037500
5 0.348125 0.320000 0.068750 0.032500
5 0.321250 0.282500 0.072500 0.032500
5 0.300000 0.248125 0.070000 0.036250
5 0.278125 0.223750 0.068750 0.035000
5 0.255625 0.183750 0.058750 0.035000
5 0.241250 0.161250 0.072500 0.035000
