5 0.312500 0.533750 0.062500 0.052500
5 0.373125 0.508125 0.063750 0.051250
5 0.439375 0.483750 0.073750 0.060000
5 0.500625 0.463750 0.061250 0.055000
5 0.551250 0.444375 0.062500 0.053750
5 0.610000 0.420000 0.055000 0.057500
5 0.661875 0.401875 0.053750 0.053750
5 0.706250 0.384375 0.050000 0.051250
5 0.751875 0.368125 0.048750 0.048750
5 0.802500 0.347500 0.047500 0.052500
5 0.848750 0.330000 0.042500 0.050000
5 0.886250 0.316250 0.045000 0.052500
5 0.932500 0.297500 0.045000 0.052500
5 0.965000 0.287500 0.037500 0.050000
