5 0.799375 0.378125 0.058750 0.076250
5 0.724375 0.381250 0.041250 0.067500
5 0.660000 0.378750 0.052500 0.072500
5 0.590000 0.376875 0.037500 0.066250
5 0.530000 0.376250 0.040000 0.067500
5 0.471250 0.376875 0.035000 0.066250
5 0.421875 0.375625 0.031250 0.063750
5 0.363750 0.371875 0.032500 0.058750
5 0.319375 0.373125 0.038750 0.056250
5 0.275625 0.371875 0.031250 0.058750
5 0.233125 0.371250 0.028750 0.055000
5 0.193125 0.371250 0.033750 0.052500
5 0.154375 0.373750 0.023750 0.052500
5 0.113750 0.368750 0.022500 0.042500
5 0.081250 0.365625 0.027500 0.038750
