5 0.339375 0.277500 0.106250 0.052500
5 0.340625 0.336250 0.096250 0.035000
5 0.338125 0.381875 0.098750 0.038750
5 0.337500 0.431250 0.092500 0.040000
5 0.334375 0.476875 0.086250 0.036250
5 0.334375 0.521875 0.083750 0.028750
5 0.332500 0.560625 0.080000 0.028750
5 0.330625 0.601250 0.091250 0.035000
5 0.330625 0.635000 0.078750 0.030000
5 0.332500 0.671875 0.077500 0.028750
5 0.330000 0.702500 0.075000 0.022500
5 0.329375 0.731250 0.073750 0.027500
5 0.326250 0.786875 0.057500 0.023750
5 0.321250 0.815625 0.057500 0.018750
