5 0.728125 0.391250 0.058750 0.077500
5 0.650000 0.391875 0.035000 0.071250
5 0.590625 0.391250 0.053750 0.075000
5 0.518750 0.387500 0.047500 0.070000
5 0.456250 0.389375 0.035000 0.063750
5 0.397500 0.386875 0.035000 0.063750
5 0.345625 0.387500 0.033750 0.067500
5 0.292500 0.383750 0.035000 0.055000
5 0.250625 0.384375 0.038750 0.058750
5 0.200625 0.384375 0.028750 0.058750
5 0.159375 0.383750 0.031250 0.055000
5 0.120625 0.383125 0.028750 0.061250
5 0.080625 0.382500 0.026250 0.052500
5 0.043125 0.376875 0.023750 0.043750
