5 0.918125 0.343125 0.058750 0.078750
5 0.832500 0.343125 0.037500 0.078750
5 0.773125 0.345000 0.056250 0.075000
5 0.694375 0.345625 0.048750 0.068750
5 0.632500 0.345625 0.045000 0.063750
5 0.571250 0.348750 0.037500 0.065000
5 0.518750 0.348125 0.040000 0.063750
5 0.461875 0.348125 0.036250 0.061250
5 0.420000 0.349375 0.042500 0.063750
5 0.370625 0.351875 0.033750 0.056250
5 0.328125 0.349375 0.028750 0.058750
5 0.290000 0.351875 0.040000 0.053750
5 0.253125 0.353125 0.021250 0.051250
5 0.213125 0.348750 0.021250 0.040000
5 0.182500 0.348750 0.030000 0.040000
