5 0.980625 0.288125 0.038750 0.056250
5 0.936875 0.308750 0.051250 0.065000
5 0.891250 0.316875 0.057500 0.061250
5 0.826250 0.334375 0.055000 0.056250
5 0.778125 0.350000 0.053750 0.062500
5 0.718750 0.364375 0.062500 0.058750
5 0.657500 0.381875 0.052500 0.073750
5 0.604375 0.396875 0.056250 0.066250
5 0.550625 0.413750 0.058750 0.057500
5 0.481250 0.431250 0.067500 0.062500
5 0.416250 0.453125 0.075000 0.063750
5 0.353125 0.471875 0.068750 0.071250
5 0.280625 0.493750 0.068750 0.065000
5 0.205000 0.509375 0.067500 0.053750
5 0.138750 0.530625 0.075000 0.061250
