5 0.037500 0.316875 0.072500 0.078750
5 0.134375 0.314375 0.076250 0.081250
5 0.222500 0.320000 0.065000 0.092500
5 0.321875 0.320000 0.058750 0.095000
5 0.392500 0.315000 0.065000 0.085000
5 0.476875 0.313125 0.048750 0.086250
5 0.550625 0.313125 0.048750 0.081250
5 0.617500 0.311250 0.050000 0.082500
5 0.677500 0.308750 0.052500 0.082500
5 0.746875 0.310000 0.046250 0.077500
5 0.808125 0.311250 0.046250 0.072500
5 0.860625 0.310000 0.048750 0.075000
5 0.922500 0.307500 0.037500 0.075000
5 0.966250 0.309375 0.045000 0.071250
