5 0.770625 0.372500 0.063750 0.092500
5 0.695000 0.373125 0.037500 0.078750
5 0.628125 0.368125 0.048750 0.081250
5 0.555625 0.369375 0.036250 0.073750
5 0.498750 0.368750 0.042500 0.075000
5 0.440625 0.363125 0.033750 0.073750
5 0.393750 0.363125 0.035000 0.073750
5 0.341875 0.359375 0.033750 0.066250
5 0.302500 0.359375 0.042500 0.066250
5 0.256250 0.357500 0.032500 0.062500
5 0.217500 0.362500 0.022500 0.052500
5 0.186250 0.357500 0.030000 0.055000
5 0.117500 0.353750 0.020000 0.045000
5 0.088750 0.354375 0.020000 0.043750
