5 0.053125 0.482500 0.068750 0.080000
5 0.148125 0.482500 0.066250 0.080000
5 0.239375 0.488125 0.063750 0.083750
5 0.330000 0.486250 0.060000 0.085000
5 0.401875 0.485000 0.058750 0.085000
5 0.486250 0.481875 0.055000 0.081250
5 0.565000 0.482500 0.045000 0.080000
5 0.626875 0.480625 0.053750 0.076250
5 0.685625 0.481875 0.053750 0.076250
5 0.755625 0.480000 0.046250 0.070000
5 0.815000 0.480000 0.050000 0.072500
5 0.866250 0.478125 0.045000 0.068750
5 0.935625 0.478750 0.041250 0.067500
5 0.975625 0.478125 0.031250 0.068750
