5 0.984375 0.333125 0.031250 0.068750
5 0.921250 0.331875 0.050000 0.066250
5 0.865000 0.332500 0.045000 0.062500
5 0.789375 0.331875 0.043750 0.063750
5 0.731875 0.331250 0.043750 0.062500
5 0.666875 0.333750 0.046250 0.065000
5 0.598750 0.331250 0.040000 0.060000
5 0.533125 0.330000 0.048750 0.065000
5 0.478125 0.328750 0.051250 0.067500
5 0.413125 0.329375 0.046250 0.068750
5 0.341875 0.328750 0.046250 0.062500
5 0.286250 0.328125 0.047500 0.068750
5 0.215000 0.328125 0.042500 0.061250
5 0.151875 0.323125 0.048750 0.056250
5 0.086250 0.321250 0.062500 0.057500
