5 0.926875 0.343750 0.043750 0.080000
5 0.853125 0.340625 0.066250 0.088750
5 0.758750 0.342500 0.045000 0.077500
5 0.681875 0.342500 0.053750 0.077500
5 0.610000 0.343750 0.045000 0.077500
5 0.542500 0.343125 0.040000 0.073750
5 0.481250 0.345000 0.047500 0.065000
5 0.420625 0.343125 0.051250 0.063750
5 0.359375 0.343750 0.043750 0.065000
5 0.309375 0.350000 0.028750 0.062500
5 0.261250 0.345625 0.050000 0.063750
5 0.215000 0.348125 0.035000 0.056250
5 0.166250 0.343750 0.027500 0.050000
5 0.122500 0.346250 0.032500 0.045000
