5 0.951250 0.441250 0.065000 0.087500
5 0.861250 0.445000 0.052500 0.080000
5 0.782500 0.447500 0.052500 0.075000
5 0.696875 0.448750 0.051250 0.077500
5 0.626250 0.450000 0.052500 0.072500
5 0.558750 0.453125 0.045000 0.066250
5 0.491875 0.451250 0.043750 0.072500
5 0.428125 0.455000 0.038750 0.065000
5 0.374375 0.456875 0.043750 0.061250
5 0.316250 0.456875 0.042500 0.061250
5 0.261250 0.457500 0.035000 0.060000
5 0.216875 0.459375 0.043750 0.058750
5 0.168125 0.462500 0.043750 0.060000
5 0.117500 0.460000 0.030000 0.047500
5 0.078125 0.460625 0.041250 0.048750
